11 1111111, 111111111 11111 D1111111111111111
cc 111 1111c 3.1111111111111111 111151111 91.111111
13111111111111 111111111

1111 c1111 M1111 W

111111 11:11 1,1191

1.1.111 1111111111 11C11111111111 1111111111111 0111111111111

111 ”11111 1 1111111111 11111, 11111111 111111111 11111 1111111111 1 1111111111
111111111111 1111111111111 111 1111 Th: 11111111111 1
11 11111.11. 11 111 P1111 1111111115111, 1111 11-1111 11.11 11
11111111111 11 .111 111111111111111111111111 11 11111 13111111111111.1111
1111111111, 1111 111,11 1111 11 111111111 1 1111111111 1111111111111
1111111111 Ruby 1211111 1.1111 111111101111

11111 111111 1111111111 11111111 1111111 11111111111111 1
11111 1 111111111111 11111 11 11111111 1.111 1111.11

